100 100       world x and y dims
-9 -9 3         viewpoint (x, y, z)

14           plane

0.000000 5.000000 5.000000 ambient
0 0 0       diffuse
0 0 0       specular

-0.348155 -0.348155 -0.870388
-2.000000 -2.000000 -5.000000


14           plane

0.100000 10.000000 5.100000 ambient
0 0 0       diffuse
0 0 0       specular

-0.547723 -0.547723 -0.632456
-1.732051 -1.732051 -2.000000


14           plane

0.300000 10.200000 15.100000 ambient
0 0 0       diffuse
0 0 0       specular

-0.000000 -0.000000 -1.000000
-0.000000 -0.000000 -1.732051


